Ki: [ 1040., 0., 680., 0.,
      0., 1040., 382., 0.,
      0., 0., 1., 0. ]

Ko: [ -0.33962705646204017, -0.9403932802759871, -0.01771837833151917, 0,
      -0.49984364998094355, 0.1964143950108213, -0.843550657048088, 1, 
       0.7967495140209739, -0.2776362077328922, -0.5367572524549995, 33.64,
       0, 0, 0, 1 ]

a1: 100.0
a2: 100.0
wx: 5.0
wy: 5.0
vmax: 10.0
max_age: 10.0
high_score: 0.5
conf_threshold: 0.01
